{
 "cells": [
  {
   "cell_type": "code",
   "execution_count": 1,
   "metadata": {
    "collapsed": true
   },
   "outputs": [],
   "source": [
    "import numpy as np\n",
    "import scipy as sp\n",
    "import pandas as pd\n",
    "\n",
    "from scipy import optimize\n",
    "\n",
    "%matplotlib inline \n",
    "import matplotlib.pyplot as plt"
   ]
  },
  {
   "cell_type": "code",
   "execution_count": 2,
   "metadata": {
    "collapsed": true
   },
   "outputs": [],
   "source": [
    "from simul_functions import S_i_fit"
   ]
  },
  {
   "cell_type": "code",
   "execution_count": 3,
   "metadata": {
    "collapsed": true
   },
   "outputs": [],
   "source": [
    "mean_S=[114.64866107858613, 281.263665030094, 434.1710447166398, 569.9988028399946, 687.0546718639996, 780.4870062669543, 864.119024879455, 916.7825679232428, 975.9915880272431, 1022.9939908123263]\n",
    "rms=[114.74968236197647, 282.01041012696396, 434.47275315291114, 570.8325673130487, 687.4374797608367, 781.6874291625296, 864.5162056661065, 917.0785397347968, 976.4170138865792, 1024.7237580132255]\n",
    "sigma_S=[4.813950047724185, 20.509074913742488, 16.188797420809703, 30.84128185045552, 22.93831837303278, 43.304387297040904, 26.20268499031733, 23.297450379212293, 28.82022045794128, 59.515334146904]\n",
    "S_ref_values=[524.36037518,717.49813895,850.49419746, 715.4684653,951.54946654,893.63784202,811.12501887,896.93268679,870.97201082,1003.64425617]"
   ]
  },
  {
   "cell_type": "code",
   "execution_count": 4,
   "metadata": {
    "collapsed": true
   },
   "outputs": [],
   "source": [
    "b=0.919\n",
    "a=-1.13\n",
    "c=1"
   ]
  },
  {
   "cell_type": "code",
   "execution_count": 5,
   "metadata": {
    "collapsed": true
   },
   "outputs": [],
   "source": [
    "def lnlike(theta, x, y, yerr):\n",
    "    a,b,c,S_ref_values,lnf=theta\n",
    "    model = S_ref_values*(a * x**2 + b*x+c)\n",
    "    inv_sigma2 = 1.0/(yerr**2 + model**2*np.exp(2*lnf))\n",
    "    return -0.5*(np.sum((y-model)**2*inv_sigma2 - np.log(inv_sigma2)))"
   ]
  },
  {
   "cell_type": "code",
   "execution_count": 7,
   "metadata": {},
   "outputs": [
    {
     "name": "stdout",
     "output_type": "stream",
     "text": [
      "<class 'numpy.ndarray'>\n"
     ]
    }
   ],
   "source": [
    "x=np.linspace(0.05,0.95,10, endpoint = True)\n",
    "y=S_i_fit(x,a,b,S_ref_values)\n",
    "print(type(y))"
   ]
  },
  {
   "cell_type": "code",
   "execution_count": 25,
   "metadata": {
    "collapsed": true
   },
   "outputs": [],
   "source": [
    "import scipy.optimize as op\n",
    "N=len(mean_S)\n",
    "\n",
    "for i in range(0,N):\n",
    "    nll = lambda *args: -lnlike(*args)\n",
    "    x0=[a, b, c, S_ref_values[i], np.log(np.asarray(mean_S)[i]) ]\n",
    "    result= op.minimize(nll, np.asarray(x0), args=(x, y, np.asarray(sigma_S)[i]))\n",
    "    a_ml, b_ml,c_ml,S_ref_ml, lnf_ml = result[\"x\"]"
   ]
  },
  {
   "cell_type": "code",
   "execution_count": 27,
   "metadata": {},
   "outputs": [
    {
     "name": "stdout",
     "output_type": "stream",
     "text": [
      "[-6.96439986e-01  1.87318840e+00 -2.82229277e-02  1.00409425e+03\n",
      " -9.84069528e+00]\n"
     ]
    }
   ],
   "source": [
    "print(result[\"x\"])"
   ]
  },
  {
   "cell_type": "code",
   "execution_count": 29,
   "metadata": {},
   "outputs": [],
   "source": [
    "import scipy.optimize as op\n",
    "N=len(mean_S)\n",
    "result=[]\n",
    "a_ml=[]\n",
    "for i in range(0,N):\n",
    "    nll = lambda *args: -lnlike(*args)\n",
    "    x0=[a, b, c, S_ref_values[i], np.log(np.asarray(mean_S)[i]) ]\n",
    "    result.append( op.minimize(nll, np.asarray(x0), args=(x, y, np.asarray(sigma_S)[i])))\n",
    "    a_ml.append(result[0])\n",
    "    #a_ml, b_ml,c_ml,S_ref_ml, lnf_ml = result[\"x\"]"
   ]
  },
  {
   "cell_type": "code",
   "execution_count": 30,
   "metadata": {},
   "outputs": [
    {
     "name": "stdout",
     "output_type": "stream",
     "text": [
      "[      fun: 42.009752997557264\n",
      " hess_inv: array([[ 9.96093493e-02, -7.16887818e-02,  4.20735600e-03,\n",
      "         2.73866753e-02,  1.78585220e-04],\n",
      "       [-7.16887818e-02,  5.82561631e-02, -3.67709982e-03,\n",
      "        -2.25693850e-02, -1.89091682e-03],\n",
      "       [ 4.20735600e-03, -3.67709982e-03,  3.65016820e-04,\n",
      "         7.73570756e-04,  1.25932443e-04],\n",
      "       [ 2.73866753e-02, -2.25693850e-02,  7.73570756e-04,\n",
      "         1.01399087e+00,  2.43753574e-02],\n",
      "       [ 1.78585220e-04, -1.89091682e-03,  1.25932443e-04,\n",
      "         2.43753574e-02,  5.57089979e-02]])\n",
      "      jac: array([1.43051147e-06, 9.53674316e-07, 4.76837158e-07, 0.00000000e+00,\n",
      "       9.53674316e-07])\n",
      "  message: 'Optimization terminated successfully.'\n",
      "     nfev: 420\n",
      "      nit: 27\n",
      "     njev: 60\n",
      "   status: 0\n",
      "  success: True\n",
      "        x: array([-1.48390191e+00,  3.73577381e+00, -7.74610984e-02,  5.23925588e+02,\n",
      "       -2.58658231e+00]),       fun: 67.76489342384303\n",
      " hess_inv: array([[ 3.43344483e-06, -6.05606438e-06,  4.04162459e-07,\n",
      "         2.24421949e-03, -1.29935566e-02],\n",
      "       [-6.05606438e-06,  1.08056990e-05, -7.22283258e-07,\n",
      "        -4.02760376e-03,  2.33198083e-02],\n",
      "       [ 4.04162459e-07, -7.22283258e-07,  4.83675693e-08,\n",
      "         2.69441900e-04, -1.56006860e-03],\n",
      "       [ 2.24421949e-03, -4.02760376e-03,  2.69441900e-04,\n",
      "         2.50825255e+00, -8.73253249e+00],\n",
      "       [-1.29935566e-02,  2.33198083e-02, -1.56006860e-03,\n",
      "        -8.73253249e+00,  5.05501223e+01]])\n",
      "      jac: array([ 7.74861116e+01,  1.15518114e+02,  2.13557265e+02, -4.29153442e-05,\n",
      "       -3.21598053e-02])\n",
      "  message: 'Desired error not necessarily achieved due to precision loss.'\n",
      "     nfev: 1656\n",
      "      nit: 139\n",
      "     njev: 235\n",
      "   status: 2\n",
      "  success: False\n",
      "        x: array([ 2.49874454e-04, -4.47798983e-04,  2.98985212e-05,  7.16539291e+02,\n",
      "        9.05808626e+00]),       fun: 67.7674791899073\n",
      " hess_inv: array([[ 1.39430134e-06, -2.33573635e-06,  1.55362728e-07,\n",
      "         9.09941932e-04, -6.13963856e-03],\n",
      "       [-2.33573635e-06,  3.99135002e-06, -2.66164793e-07,\n",
      "        -1.57936527e-03,  1.06555446e-02],\n",
      "       [ 1.55362728e-07, -2.66164793e-07,  1.77908283e-08,\n",
      "         1.05528810e-04, -7.11971099e-04],\n",
      "       [ 9.09941932e-04, -1.57936527e-03,  1.05528810e-04,\n",
      "         1.63457848e+00, -4.28079508e+00],\n",
      "       [-6.13963856e-03,  1.06555446e-02, -7.11971099e-04,\n",
      "        -4.28079508e+00,  2.88686565e+01]])\n",
      "      jac: array([ 1.76553748e+02,  2.37843853e+02, -2.08316037e+02, -7.15255737e-05,\n",
      "       -6.17637634e-02])\n",
      "  message: 'Desired error not necessarily achieved due to precision loss.'\n",
      "     nfev: 1775\n",
      "      nit: 138\n",
      "     njev: 252\n",
      "   status: 2\n",
      "  success: False\n",
      "        x: array([ 1.96314647e-04, -3.50203156e-04,  2.35286453e-05,  8.49660189e+02,\n",
      "        9.13798551e+00]),       fun: 67.70944051692348\n",
      " hess_inv: array([[ 1.37456235e-07, -3.20475752e-07,  8.53904847e-09,\n",
      "         8.98526363e-04, -3.69739264e-03],\n",
      "       [-3.20475752e-07,  7.66316449e-07, -2.02572738e-08,\n",
      "        -2.16913182e-03,  8.92573630e-03],\n",
      "       [ 8.53904847e-09, -2.02572738e-08,  5.44193247e-10,\n",
      "         5.70430451e-05, -2.34734219e-04],\n",
      "       [ 8.98526363e-04, -2.16913182e-03,  5.70430451e-05,\n",
      "         7.16878501e+00, -2.53835415e+01],\n",
      "       [-3.69739264e-03,  8.92573630e-03, -2.34734219e-04,\n",
      "        -2.53835415e+01,  1.04441168e+02]])\n",
      "      jac: array([ 1.61776186e+02,  2.57353816e+02,  1.05685920e+03, -2.09808350e-05,\n",
      "       -1.55820847e-02])\n",
      "  message: 'Desired error not necessarily achieved due to precision loss.'\n",
      "     nfev: 2736\n",
      "      nit: 200\n",
      "     njev: 389\n",
      "   status: 2\n",
      "  success: False\n",
      "        x: array([ 3.36503720e-05, -8.29327829e-05,  2.11908943e-06,  7.13946846e+02,\n",
      "        1.04283948e+01]),       fun: 67.76321626297826\n",
      " hess_inv: array([[ 1.58285102e-06, -2.77577149e-06,  1.86412453e-07,\n",
      "         1.11947311e-03, -7.64480817e-03],\n",
      "       [-2.77577149e-06,  4.93970802e-06, -3.31771440e-07,\n",
      "        -2.01132138e-03,  1.37346832e-02],\n",
      "       [ 1.86412453e-07, -3.31771440e-07,  2.23180165e-08,\n",
      "         1.35039135e-04, -9.22149281e-04],\n",
      "       [ 1.11947311e-03, -2.01132138e-03,  1.35039135e-04,\n",
      "         1.82678486e+00, -5.64534443e+00],\n",
      "       [-7.64480817e-03,  1.37346832e-02, -9.22149281e-04,\n",
      "        -5.64534443e+00,  3.85385329e+01]])\n",
      "      jac: array([ 1.13333423e+02,  2.36947044e+02,  9.52240995e+02, -4.57763672e-05,\n",
      "       -4.47931290e-02])\n",
      "  message: 'Desired error not necessarily achieved due to precision loss.'\n",
      "     nfev: 1853\n",
      "      nit: 139\n",
      "     njev: 263\n",
      "   status: 2\n",
      "  success: False\n",
      "        x: array([ 1.87140526e-04, -3.37131707e-04,  2.24212027e-05,  9.50692493e+02,\n",
      "        9.05331754e+00]),       fun: 67.74098850264545\n",
      " hess_inv: array([[ 7.07554193e-07, -1.28798813e-06,  7.90019760e-08,\n",
      "         1.01287596e-03, -6.82371656e-03],\n",
      "       [-1.28798813e-06,  2.36726280e-06, -1.45219080e-07,\n",
      "        -1.87372272e-03,  1.26228666e-02],\n",
      "       [ 7.90019760e-08, -1.45219080e-07,  8.93468167e-09,\n",
      "         1.14861126e-04, -7.73797794e-04],\n",
      "       [ 1.01287596e-03, -1.87372272e-03,  1.14861126e-04,\n",
      "         2.49290331e+00, -1.00569612e+01],\n",
      "       [-6.82371656e-03,  1.26228666e-02, -7.73797794e-04,\n",
      "        -1.00569612e+01,  6.77398392e+01]])\n",
      "      jac: array([ 1.41472713e+02,  2.28720809e+02,  4.41377096e+02, -2.95639038e-05,\n",
      "       -2.68421173e-02])\n",
      "  message: 'Desired error not necessarily achieved due to precision loss.'\n",
      "     nfev: 2168\n",
      "      nit: 166\n",
      "     njev: 308\n",
      "   status: 2\n",
      "  success: False\n",
      "        x: array([ 9.35874838e-05, -1.77211278e-04,  1.08263997e-05,  8.92724092e+02,\n",
      "        9.69851500e+00]),       fun: 67.76034610145348\n",
      " hess_inv: array([[ 9.00823176e-07, -1.54778645e-06,  1.02713068e-07,\n",
      "         1.35603668e-03, -5.20747640e-03],\n",
      "       [-1.54778645e-06,  2.70037698e-06, -1.79443131e-07,\n",
      "        -2.39131313e-03,  9.18288625e-03],\n",
      "       [ 1.02713068e-07, -1.79443131e-07,  1.19558427e-08,\n",
      "         1.58914600e-04, -6.10257229e-04],\n",
      "       [ 1.35603668e-03, -2.39131313e-03,  1.58914600e-04,\n",
      "         3.14342757e+00, -8.23025693e+00],\n",
      "       [-5.20747640e-03,  9.18288625e-03, -6.10257229e-04,\n",
      "        -8.23025693e+00,  3.15974727e+01]])\n",
      "      jac: array([ 1.72301542e+02,  2.75484798e+02,  5.01881133e+02, -5.91278076e-05,\n",
      "       -4.85944748e-02])\n",
      "  message: 'Desired error not necessarily achieved due to precision loss.'\n",
      "     nfev: 1873\n",
      "      nit: 158\n",
      "     njev: 266\n",
      "   status: 2\n",
      "  success: False\n",
      "        x: array([ 1.52829865e-04, -2.76347656e-04,  1.82288385e-05,  8.09333961e+02,\n",
      "        9.40720483e+00]),       fun: 67.70966161746921\n",
      " hess_inv: array([[ 1.36031297e-07, -3.25542443e-07,  7.71309369e-09,\n",
      "         6.47054890e-04, -3.87403638e-03],\n",
      "       [-3.25542443e-07,  8.00845641e-07, -1.88207975e-08,\n",
      "        -1.60721051e-03,  9.62293346e-03],\n",
      "       [ 7.71309369e-09, -1.88207975e-08,  4.50072620e-10,\n",
      "         3.75887229e-05, -2.25050844e-04],\n",
      "       [ 6.47054890e-04, -1.60721051e-03,  3.75887229e-05,\n",
      "         4.23906833e+00, -1.93933936e+01],\n",
      "       [-3.87403638e-03,  9.62293346e-03, -2.25050844e-04,\n",
      "        -1.93933936e+01,  1.16106518e+02]])\n",
      "      jac: array([ 8.88606186e+01,  1.55601096e+02,  8.07114031e+02, -1.14440918e-05,\n",
      "       -1.03874207e-02])\n",
      "  message: 'Desired error not necessarily achieved due to precision loss.'\n",
      "     nfev: 2278\n",
      "      nit: 195\n",
      "     njev: 324\n",
      "   status: 2\n",
      "  success: False\n",
      "        x: array([ 3.23184832e-05, -8.10610541e-05,  1.87824627e-06,  8.95916504e+02,\n",
      "        1.02115503e+01]),       fun: 67.75809613626352\n",
      " hess_inv: array([[ 1.55026998e-06, -2.78402723e-06,  1.82150617e-07,\n",
      "         1.22391182e-03, -9.04359841e-03],\n",
      "       [-2.78402723e-06,  5.05326602e-06, -3.30860535e-07,\n",
      "        -2.23506885e-03,  1.65146015e-02],\n",
      "       [ 1.82150617e-07, -3.30860535e-07,  2.16969752e-08,\n",
      "         1.46397709e-04, -1.08169366e-03],\n",
      "       [ 1.22391182e-03, -2.23506885e-03,  1.46397709e-04,\n",
      "         1.99383945e+00, -7.34281751e+00],\n",
      "       [-9.04359841e-03,  1.65146015e-02, -1.08169366e-03,\n",
      "        -7.34281751e+00,  5.42409235e+01]])\n",
      "      jac: array([ 8.81007729e+01,  1.62337581e+02,  4.55619909e+02, -3.62396240e-05,\n",
      "       -3.18555832e-02])\n",
      "  message: 'Desired error not necessarily achieved due to precision loss.'\n",
      "     nfev: 1908\n",
      "      nit: 150\n",
      "     njev: 271\n",
      "   status: 2\n",
      "  success: False\n",
      "        x: array([ 1.62965230e-04, -2.96287498e-04,  1.94088759e-05,  8.70243033e+02,\n",
      "        9.25953653e+00]),       fun: 44.70896360853041\n",
      " hess_inv: array([[ 0.06451824, -0.06397522,  0.01049086,  0.00850242, -0.10196193],\n",
      "       [-0.06397522,  0.07210202, -0.01525312, -0.02648331,  0.15557383],\n",
      "       [ 0.01049086, -0.01525312,  0.00481312,  0.0130258 , -0.05093031],\n",
      "       [ 0.00850242, -0.02648331,  0.0130258 ,  0.7331077 , -1.51865637],\n",
      "       [-0.10196193,  0.15557383, -0.05093031, -1.51865637,  3.29562623]])\n",
      "      jac: array([ 8.01086426e-05,  2.95639038e-05, -2.80857086e-04,  4.76837158e-07,\n",
      "        4.76837158e-07])\n",
      "  message: 'Desired error not necessarily achieved due to precision loss.'\n",
      "     nfev: 995\n",
      "      nit: 76\n",
      "     njev: 142\n",
      "   status: 2\n",
      "  success: False\n",
      "        x: array([-6.96439986e-01,  1.87318840e+00, -2.82229277e-02,  1.00409425e+03,\n",
      "       -9.84069528e+00])]\n"
     ]
    }
   ],
   "source": [
    "print(result)\n",
    "#print(a_ml)"
   ]
  },
  {
   "cell_type": "code",
   "execution_count": null,
   "metadata": {
    "collapsed": true
   },
   "outputs": [],
   "source": []
  }
 ],
 "metadata": {
  "kernelspec": {
   "display_name": "Python 3",
   "language": "python",
   "name": "python3"
  },
  "language_info": {
   "codemirror_mode": {
    "name": "ipython",
    "version": 3
   },
   "file_extension": ".py",
   "mimetype": "text/x-python",
   "name": "python",
   "nbconvert_exporter": "python",
   "pygments_lexer": "ipython3",
   "version": "3.6.3"
  }
 },
 "nbformat": 4,
 "nbformat_minor": 2
}
